__OPTIM0__================================================


2020-11-23 19:59                                                        P치gina 1


0      1      2	     3	    4	   5	  6	 7	8      9      10
8220   8332   9466   9928   9042   8883	  8916	 8884	8812   8755   8770
1720   1736   1689   1656   1695   1697	  1657	 1612	1679   1662   1614
494    660    482    503    584	   483	  530	 470	467    468    469
447    564    441    524    449	   562	  440	 575	429    533    584
1086   1086   1261   1295   1133   1095	  1318	 1443	1372   1514   1555
562    562    562    563    808	   929	  964	 955	946    765    705
249    249    250    249    436	   491	  353	 243	294    283    243
38     43     37     38	    51	   73	  38	 37	38     54     37
185    176    139    242    235	   202	  138	 135	172    135    135
43     45     43     77	    74	   42	  43	 41	41     42     41






__OPTIMg__================================================


2020-11-23 19:59                                                        P치gina 1


0      1      2	     3	    4	   5	  6	 7	8      9      10
1813   1665   2110   1668   1726   1698	  1663	 1773	1709   1681   1690
594    348    351    352    569	   739	  492	 389	387    391    469
426    463    464    475    573	   648	  472	 425	448    425    425
539    539    558    540    539	   700	  539	 552	1000   540    554
287    333    286    397    286	   322	  287	 287	361    286    295
215    168    169    298    168	   169	  169	 168	183    169    169
76     76     76     76	    77	   77	  77	 75	82     77     76
22     21     22     21	    22	   22	  41	 22	23     21     22
26     26     26     26	    45	   27	  41	 26	28     26     26
17     17     17     17	    18	   19	  17	 17	18     17     17






__OPTIM1__================================================


2020-11-23 19:59                                                        P치gina 1


0      1      2	     3	    4	   5	  6	 7	8      9      10
1656   1753   1381   1898   1367   1581	  1366	 1588	1366   1485   1365
431    501    353    427    426	   430	  499	 362	501    413    427
488    518    602    555    531	   561	  577	 615	536    582    535
454    449    479    409    407	   408	  408	 408	408    442    542
241    241    240    240    246	   240	  240	 241	241    412    385
135    135    135    135    138	   135	  136	 135	135    188    135
74     73     74     73	    74	   73	  73	 75	73     74     74
21     22     22     22	    21	   22	  22	 21	22     22     21
25     25     25     24	    25	   25	  24	 25	25     28     25
20     17     17     16	    17	   17	  17	 17	17     18     17






__OPTIM2__================================================


2020-11-23 19:59                                                        P치gina 1


0      1      2	     3	    4	   5	  6	 7	8      9      10
1379   1490   1419   1382   1419   1418	  1671	 1386	1382   1380   1427
344    343    344    344    365	   383	  338	 354	335    354    362
423    425    423    483    424	   469	  413	 414	452    412    412
518    456    465    496    413	   438	  508	 396	548    395    420
304    358    322    364    394	   352	  462	 296	511    306    332
121    139    122    137    121	   129	  118	 119	134    119    119
69     77     69     78	    69	   73	  68	 67	68     68     67
22     24     22     24	    22	   25	  21	 21	21     21     20
33     35     34     34	    34	   38	  33	 33	33     33     32
16     17     17     17	    17	   16	  16	 16	17     16     16







