__OPTIM0__================================================


2020-11-23 20:35                                                        Página 1


0      1      2	     3	    4	   5	  6	 7	8      9      10
8692   8328   8407   8219   8319   8326	  8208	 8209	8257   9500   9077
1854   1895   1726   1690   1655   1663	  1656	 1679	1660   2314   1691
506    506    497    480    487	   538	  491	 566	483    657    561
473    538    495    445    446	   449	  442	 442	441    598    449
1164   1337   1140   1085   1091   1084	  1091	 1162	1209   1535   1089
676    562    754    566    562	   562	  597	 562	561    771    567
301    295    336    250    249	   253	  272	 249	249    335    249
38     38     58     39	    38	   38	  38	 39	38     51     38
139    139    204    139    139	   139	  138	 138	139    199    139
42     72     82     43	    42	   43	  42	 43	43     58     43






__OPTIMg__================================================


2020-11-23 20:35                                                        Página 1


0      1      2	     3	    4	   5	  6	 7	8      9      10
1667   1667   1772   1734   1845   1900	  1697	 1837	1668   2308   1798
350    386    602    350    371	   347	  551	 430	350    523    348
443    424    516    426    425	   478	  435	 494	482    453    514
565    539    740    543    540	   539	  540	 730	583    556    587
297    287    308    286    286	   286	  314	 392	287    287    287
169    169    168    169    168	   169	  182	 182	175    169    169
76     76     75     76	    77	   76	  76	 75	76     76     76
22     22     22     21	    21	   21	  21	 21	21     21     21
25     25     26     26	    26	   26	  26	 26	26     26     25
17     17     17     17	    17	   17	  16	 17	17     17     16






__OPTIM1__================================================


2020-11-23 20:35                                                        Página 1


0      1      2	     3	    4	   5	  6	 7	8      9      10
1494   1366   1367   1381   1386   1368	  1373	 1368	1365   1402   1368
433    427    428    512    430	   417	  425	 428	572    426    427
487    610    515    488    661	   555	  567	 515	566    518    494
452    451    407    408    409	   408	  411	 407	428    408    408
240    241    283    284    261	   249	  248	 242	346    241    240
135    135    135    135    135	   186	  137	 135	163    135    135
75     74     74     74	    74	   94	  75	 75	74     74     75
21     21     22     22	    21	   36	  21	 50	22     21     21
25     25     25     24	    25	   24	  25	 40	24     25     25
17     17     17     17	    17	   17	  17	 17	16     24     17






__OPTIM2__================================================


2020-11-23 20:35                                                        Página 1


0      1      2	     3	    4	   5	  6	 7	8      9      10
1473   1492   1372   1527   1370   1584	  1380	 1372	1479   1451   1370
389    375    346    393    361	   376	  479	 360	358    483    467
500    424    432    422    428	   423	  547	 422	452    490    464
495    406    416    427    406	   406	  433	 411	492    406    497
348    361    321    304    303	   314	  320	 320	349    303    317
168    121    163    121    158	   131	  122	 122	142    121    122
69     69     85     125    83	   107	  114	 69	112    69     69
21     21     22     52	    22	   21	  22	 21	21     21     21
34     33     34     39	    34	   34	  34	 34	33     33     34
17     16     17     20	    17	   17	  17	 17	17     17     17







__OPTIM0__================================================


2020-11-23 20:36                                                        Página 1


0      1      2	     3	    4	   5	  6	 7	8      9      10
8219   8455   8852   8713   8721   8420	  8574	 8548	8606   8809   8678
1727   1615   1686   1729   1656   1793	  1647	 1655	1694   1657   1772
472    504    528    481    485	   624	  546	 479	476    480    482
432    429    450    446    493	   560	  564	 670	443    440    441
1189   1061   1131   1086   1143   1087	  1357	 1128	1302   1194   1086
548    548    561    569    562	   588	  601	 562	612    705    660
244    243    248    249    252	   269	  340	 248	249    249    342
40     37     37     38	    38	   38	  39	 37	38     38     50
135    255    139    138    139	   138	  138	 138	139    138    151
43     72     43     43	    42	   42	  43	 43	43     43     42






__OPTIMg__================================================


2020-11-23 20:36                                                        Página 1


0      1      2	     3	    4	   5	  6	 7	8      9      10
1710   1713   1852   2254   1713   1776	  1915	 1759	1729   1898   1846
434    445    347    366    348	   384	  387	 400	349    419    381
425    525    481    426    425	   460	  470	 434	433    463    459
579    629    595    603    703	   573	  683	 804	540    551    539
287    306    311    302    400	   339	  295	 305	356    286    286
241    181    174    170    231	   170	  169	 199	236    169    169
112    76     79     77	    86	   76	  110	 86	96     76     75
28     22     23     22	    25	   22	  22	 26	22     21     21
26     27     27     28	    26	   26	  26	 27	39     26     26
17     21     17     18	    18	   17	  17	 18	17     17     17






__OPTIM1__================================================


2020-11-23 20:36                                                        Página 1


0      1      2	     3	    4	   5	  6	 7	8      9      10
2561   1733   1437   1446   1433   1823	  1482	 1518	1469   2044   1518
644    456    348    388    379	   430	  425	 498	500    495    408
597    541    579    496    539	   566	  519	 490	488    515    537
567    408    408    407    419	   464	  445	 408	437    460    482
491    240    241    240    312	   311	  241	 241	266    241    240
330    135    168    136    139	   153	  136	 135	158    135    135
174    73     87     74	    75	   79	  74	 74	81     106    73
60     22     22     21	    22	   22	  21	 21	27     33     22
28     24     24     25	    26	   26	  24	 25	26     25     24
18     16     17     17	    18	   18	  17	 17	18     17     16






__OPTIM2__================================================


2020-11-23 20:36                                                        Página 1


0      1      2	     3	    4	   5	  6	 7	8      9      10
1412   1690   1448   1509   1805   1540	  1500	 1390	1381   1608   1372
362    354    404    345    539	   375	  361	 357	393    709    370
510    423    424    424    458	   455	  474	 779	422    601    463
407    407    449    408    459	   419	  407	 508	411    407    406
348    378    304    356    401	   421	  369	 337	314    304    304
122    124    122    122    177	   181	  155	 122	121    121    121
70     69     69     69	    70	   116	  70	 69	70     75     73
23     22     22     21	    21	   22	  22	 21	21     26     21
34     34     34     33	    35	   34	  34	 34	34     34     33
18     17     17     17	    17	   17	  17	 17	17     17     16






